YUCATAN Infectados-totales 	 Recuperados 
0.0	3.886509784453956e-23	0.0
1.0	2.1902987886633754e-22	0.0
2.0	1.1744098753795682e-21	0.0
3.0	5.9997289099675256e-21	0.0
4.0	2.924449269805862e-20	0.0
5.0	1.3618980390523777e-19	0.0
6.0	6.06741529571217e-19	0.0
7.0	2.589259799273096e-18	0.0
8.0	1.0597380016949995e-17	0.0
9.0	4.1648086734253263e-17	0.0
10.0	1.5735223287157811e-16	0.0
11.0	5.721700131564054e-16	0.0
12.0	2.004612461634004e-15	0.0
13.0	6.7741364346769985e-15	0.0
14.0	2.210279887997424e-14	3.886509784453956e-23
15.0	6.970261228244067e-14	2.1902987886633754e-22
16.0	2.1265974365169827e-13	1.1744098753795682e-21
17.0	6.283038132982395e-13	5.9997289099675256e-21
18.0	1.7993021437443467e-12	2.924449269805862e-20
19.0	4.9989493151419085e-12	1.3618980390523777e-19
20.0	1.3485672433577674e-11	6.06741529571217e-19
21.0	3.535524117064046e-11	2.589259799273096e-18
22.0	9.015292309663448e-11	1.0597380016949995e-17
23.0	2.2376791919193518e-10	4.1648086734253263e-17
24.0	5.410595011847662e-10	1.5735223287157811e-16
25.0	1.2754073237813903e-09	5.721700131564054e-16
26.0	2.9331043139618962e-09	2.004612461634004e-15
27.0	6.585514699782548e-09	6.7741364346769985e-15
28.0	1.4445598642736404e-08	2.210279887997424e-14
29.0	3.097821033742242e-08	6.970261228244067e-14
30.0	6.4988277443781e-08	2.1265974365169827e-13
31.0	1.3345856847021033e-07	6.283038132982395e-13
32.0	2.6844636732686965e-07	1.7993021437443467e-12
33.0	5.29209272778387e-07	4.9989493151419085e-12
34.0	1.023076125603638e-06	1.3485672433577674e-11
35.0	1.94063357997459e-06	3.535524117064046e-11
36.0	3.6138629222559715e-06	9.015292309663448e-11
37.0	6.610327336263516e-06	2.2376791919193518e-10
38.0	1.1882871140173026e-05	5.410595011847662e-10
39.0	2.1003151456424512e-05	1.2754073237813903e-09
40.0	3.651938491915471e-05	2.9331043139618962e-09
41.0	6.249474963981766e-05	6.585514699782548e-09
42.0	0.00010530378085778325	1.4445598642736404e-08
43.0	0.0001747906819160805	3.097821033742242e-08
44.0	0.00028592650924765087	6.4988277443781e-08
45.0	0.00046114227835026216	1.3345856847021033e-07
46.0	0.0007335624895666471	2.6844636732686965e-07
47.0	0.0011514182894769	5.29209272778387e-07
48.0	0.0017839808284318137	1.023076125603638e-06
49.0	0.0027294220515321987	1.94063357997459e-06
50.0	0.004125080119029647	3.6138629222559715e-06
51.0	0.006160677029587624	6.610327336263516e-06
52.0	0.009095103133531115	1.1882871140173026e-05
53.0	0.013277442628386846	2.1003151456424512e-05
54.0	0.019172960747805685	3.651938491915471e-05
55.0	0.02739480167965137	6.249474963981766e-05
56.0	0.03874215061567732	0.00010530378085778325
57.0	0.05424558825647942	0.0001747906819160805
58.0	0.07522030663526859	0.00028592650924765087
59.0	0.10332775729048332	0.00046114227835026216
60.0	0.14064616394586232	0.0007335624895666471
61.0	0.18975015095477618	0.0011514182894769
62.0	0.2537995167890227	0.0017839808284318137
63.0	0.33663692188692984	0.0027294220515321987
64.0	0.44289396750565824	0.004125080119029647
65.0	0.578104824269802	0.006160677029587624
66.0	0.7488262352409437	0.009095103133531115
67.0	0.9627623795460101	0.013277442628386846
68.0	1.2288927510884802	0.019172960747805685
69.0	1.5576008954949208	0.02739480167965137
70.0	1.9608015701855124	0.03874215061567732
71.0	2.4520636597559125	0.05424558825647942
72.0	3.0467260030656687	0.07522030663526859
73.0	3.762003179226546	0.10332775729048332
74.0	4.617078264611948	0.14064616394586232
75.0	5.633179617081703	0.18975015095477618
76.0	6.833638869070505	0.2537995167890227
77.0	8.243927517356894	0.33663692188692984
78.0	9.891669780650979	0.44289396750565824
79.0	11.806629750305573	0.578104824269802
80.0	14.020671275675323	0.7488262352409437
81.0	16.56768949301501	0.9627623795460101
82.0	19.483513412744575	1.2288927510884802
83.0	22.805779510679262	1.5576008954949208
84.0	26.573776810057666	1.9608015701855124
85.0	30.8282644784306	2.4520636597559125
86.0	35.61126348265772	3.0467260030656687
87.0	40.965824333230756	3.762003179226546
88.0	46.935773394046834	4.617078264611948
89.0	53.56544062536294	5.633179617081703
90.0	60.899371957637186	6.833638869070505
91.0	68.98202975601986	8.243927517356894
92.0	77.8574850252608	9.891669780650979
93.0	87.569105120731	11.806629750305573
94.0	98.15924077318611	14.020671275675323
95.0	109.66891620480583	16.56768949301501
96.0	122.13752601562746	19.483513412744575
97.0	135.6025423579933	22.805779510679262
98.0	150.09923569847138	26.573776810057666
99.0	165.66041219931603	30.8282644784306
100.0	182.31617044299068	35.61126348265772
101.0	200.09367988207907	40.965824333230756
102.0	219.0169830316749	46.935773394046834
103.0	239.1068230406422	53.56544062536294
104.0	260.3804978901593	60.899371957637186
105.0	282.8517420804776	68.98202975601986
106.0	306.53063628693565	77.8574850252608
107.0	331.42354510030094	87.569105120731
108.0	357.5330826200372	98.15924077318611
109.0	384.8581053467161	109.66891620480583
110.0	413.39373152527344	122.13752601562746
111.0	443.1313858270174	135.6025423579933
112.0	474.0588680271994	150.09923569847138
113.0	506.1604441377401	165.66041219931603
114.0	539.4169582917889	182.31617044299068
115.0	573.805963547915	200.09367988207907
116.0	609.3018696860105	219.0169830316749
117.0	645.8761060030736	239.1068230406422
118.0	683.4972970831069	260.3804978901593
119.0	722.1314495092548	282.8517420804776
120.0	761.742147505626	306.53063628693565
121.0	802.2907555383944	331.42354510030094
122.0	843.7366259680152	357.5330826200372
123.0	886.0373099240368	384.8581053467161
124.0	929.1487696682221	413.39373152527344
125.0	973.0255908179062	443.1313858270174
126.0	1017.6211929170771	474.0588680271994
127.0	1062.888036965161	506.1604441377401
128.0	1108.7778286406465	539.4169582917889
129.0	1155.2417160863959	573.805963547915
130.0	1202.2304812538573	609.3018696860105
131.0	1249.694723932734	645.8761060030736
132.0	1297.5850377195045	683.4972970831069
133.0	1345.852177301208	722.1314495092548
134.0	1394.4472165490643	761.742147505626
135.0	1443.3216970289147	802.2907555383944
136.0	1492.4277666413604	843.7366259680152
137.0	1541.7183082034226	886.0373099240368
138.0	1591.1470578750877	929.1487696682221
139.0	1640.668713417984	973.0255908179062
140.0	1690.2390323496475	1017.6211929170771
141.0	1739.8149201252452	1062.888036965161
142.0	1789.3545085394592	1108.7778286406465
143.0	1838.8172245945264	1155.2417160863959
144.0	1888.163850126606	1202.2304812538573
145.0	1937.3565725218593	1249.694723932734
146.0	1986.3590268862956	1297.5850377195045
147.0	2035.13633005996	1345.852177301208
148.0	2083.6551068868234	1394.4472165490643
149.0	2131.88350916713	1443.3216970289147
150.0	2179.7912277295422	1492.4277666413604
151.0	2227.3494980665137	1541.7183082034226
152.0	2274.5310999783815	1591.1470578750877
153.0	2321.31035167019	1640.668713417984
154.0	2367.6630987405083	1690.2390323496475
155.0	2413.5666984940517	1739.8149201252452
156.0	2459.0	1789.3545085394592
157.0	2503.943320305927	1838.8172245945264
158.0	2548.378417203566	1888.163850126606
159.0	2592.2884589275245	1937.3565725218593
160.0	2635.657991151781	1986.3590268862956
161.0	2678.4729016316987	2035.13633005996
162.0	2720.7203828214783	2083.6551068868234
163.0	2762.3888927788203	2131.88350916713
164.0	2803.468114650098	2179.7912277295422
165.0	2843.948915010892	2227.3494980665137
166.0	2883.823301318294	2274.5310999783815
167.0	2923.0843787132367	2321.31035167019
168.0	2961.72630639325	2367.6630987405083
169.0	2999.7442537585957	2413.5666984940517
170.0	3037.134356517878	2459.0
171.0	3073.893672922813	2503.943320305927
172.0	3110.0201402861967	2548.378417203566
173.0	3145.512531922045	2592.2884589275245
174.0	3180.3704146325395	2635.657991151781
175.0	3214.594106852806	2678.4729016316987
176.0	3248.184637551681	2720.7203828214783
177.0	3281.143705974461	2762.3888927788203
178.0	3313.473642302256	2803.468114650098
179.0	3345.1773692918864	2843.948915010892
180.0	3376.258364950332	2883.823301318294
